#         11
 786992.56250000  259126.59375000  399718.65625000
 788057.50000000  331860.18750000  541802.12500000   87697.12500000
  77920.17968750  386919.59375000  383673.90625000  554067.50000000  144420.20312500
 476089.56250000  398230.75000000 1353585.62500000  478849.93750000  602897.18750000
  13742.05468750 1040728.50000000  529184.62500000  859834.37500000   52025.30078125
  18375.34765625  122623.13281250  351204.62500000  293569.21875000   94460.72656250
 214417.32812500  751624.62500000  837273.93750000  458083.78125000   72902.39062500
 371481.87500000  708344.18750000  858573.93750000  131658.21875000  358317.03125000
  89794.46093750  471167.31250000  197441.21875000  601857.50000000  472062.75000000
 157986.31250000   59771.07812500  928227.37500000  822683.87500000
  59895.25781250  561501.81250000  761369.31250000
